0.605 2
0.758 3
0.912 1
1.066 4
1.22 3
1.374 2
1.528 1
1.681 4
1.758 2
1.835 3
2.143 4
2.451 2
2.758 3
3.066 1
3.22 2
3.374 3
3.528 4
3.681 2
3.835 3
3.989 1
4.143 2
4.297 3
4.605 1
4.912 4
5.374 2
5.451 3
5.528 4
5.528 1
5.681 3
5.835 2
5.835 4
5.989 1
6.143 2
6.143 3
6.297 4
6.451 3
6.605 1
6.681 2
6.758 4
6.912 3
7.066 2
7.066 4
7.22 3
7.374 1
7.374 2
7.681 1
7.681 4
7.989 4
7.989 3
8.143 2
8.297 3
8.297 1
8.451 4
8.605 2
8.605 1
8.758 4
8.912 3
9.066 1
9.22 4
9.374 2
9.528 4
9.528 3
9.681 1
9.835 4
9.835 2
10.143 3
10.451 4
10.451 2
10.451 1
10.681 3
10.912 1
11.143 1
11.374 4
11.528 3
11.681 2
11.912 3
12.143 3
12.374 1
12.605 4
12.758 3
12.912 2
13.143 3
13.374 1
13.605 1
13.835 4
13.989 3
14.143 2
14.374 3
14.605 3
14.835 1
15.066 4
15.22 2
15.374 4
15.374 1
15.605 3
15.605 1
15.835 4
15.835 2
16.066 4
16.066 1
16.297 2
16.297 1
16.451 4
16.451 3
16.605 2
16.605 1
16.835 4
16.835 2
17.066 3
17.066 4
17.297 1
17.297 2
17.528 4
17.528 1
17.681 2
17.681 3
17.835 4
17.835 1
18.066 3
18.066 2
18.297 3
18.297 1
18.528 2
18.528 1
18.758 3
18.758 4
18.912 1
18.912 2
19.066 3
19.066 4
19.22 1
19.297 2
19.374 3
19.451 2
19.528 1
19.605 4
19.681 2
19.758 3
19.835 1
19.912 2
19.989 4
19.989 3
20.297 1
20.297 2
20.451 4
20.528 1
20.605 3
20.605 2
20.758 4
20.912 1
20.912 2
20.989 4
21.066 3
21.22 4
21.22 1
21.374 2
21.528 3
21.528 1
21.681 4
21.758 2
21.835 3
21.835 4
21.989 1
22.143 3
22.143 4
22.22 1
22.297 2
22.451 1
22.451 4
22.605 3
22.758 2
22.758 4
22.912 1
22.989 2
23.066 3
23.066 4
23.22 1
23.374 3
23.374 4
23.451 1
23.528 2
23.681 3
23.681 1
23.835 4
23.989 1
23.989 2
24.066 3
24.143 2
24.297 4
24.297 3
24.374 2
24.451 3
24.605 2
24.605 1
24.758 3
24.758 4
24.912 1
24.912 2
25.22 3
25.22 4
25.374 1
25.451 4
25.528 3
25.528 2
25.681 1
25.835 3
25.835 4
25.912 1
25.989 2
26.143 1
26.143 4
26.297 3
26.451 2
26.451 4
26.605 1
26.681 2
26.758 3
26.758 1
26.912 4
27.066 1
27.066 2
27.143 4
27.22 3
27.374 4
27.374 1
27.528 2
27.681 1
27.681 3
27.835 3
27.989 2
27.989 4
28.143 2
28.297 3
28.297 1
28.451 4
28.528 2
28.605 3
28.605 4
28.758 1
28.758 2
28.912 3
29.066 2
29.066 1
29.22 4
29.374 4
29.528 2
29.605 3
29.681 1
29.835 3
30.143 1
30.143 2
30.297 4
30.451 4
30.451 3
30.605 1
30.758 2
30.758 3
30.912 4
31.066 3
31.066 1
31.22 2
31.374 3
31.374 4
31.528 1
31.681 1
31.681 2
31.835 4
31.989 3
31.989 2
32.143 1
32.297 2
32.297 4
32.451 3
32.605 1
32.605 2
32.758 4
32.912 4
32.912 3
33.066 1
33.22 2
33.22 3
33.374 4
33.528 3
33.528 1
33.681 2
33.835 3
33.835 4
33.989 1
34.143 1
34.143 2
34.297 4
34.451 3
34.451 2
34.605 1
34.758 3
34.758 4
35.066 2
35.066 1
35.22 3
35.374 2
35.374 4
35.528 1
35.681 3
35.681 2
35.835 4
35.989 1
35.989 3
36.143 2
36.297 3
36.297 4
36.451 1
36.605 2
36.605 3
36.758 4
36.912 2
36.912 1
37.066 3
37.22 1
37.22 4
37.374 2
37.528 4
37.528 3
37.681 1
37.835 2
37.835 3
37.989 1
38.143 2
38.143 4
38.297 3
38.451 4
38.451 1
38.605 2
38.758 3
38.758 4
38.912 1
39.066 2
39.066 1
39.22 4
39.374 3
39.374 4
39.528 2
39.681 1
39.681 4
39.758 3
39.835 2
39.912 1
39.989 4
39.989 3
40.143 2
40.297 3
40.297 1
40.451 4
40.605 3
40.605 2
40.758 1
40.912 3
40.912 4
41.22 1
41.22 2
41.374 3
41.528 2
41.528 1
41.681 4
41.835 3
41.835 1
41.989 2
42.143 4
42.143 3
42.451 1
42.451 2
42.605 4
42.758 3
42.758 1
42.912 2
43.066 4
43.066 1
43.22 3
43.297 1
43.374 4
43.374 3
43.528 1
43.681 4
43.681 2
43.835 3
43.835 1
43.989 4
43.989 2
44.143 3
44.143 4
44.297 1
44.374 2
44.451 3
44.528 2
44.605 1
44.605 4
44.758 3
44.912 2
44.912 1
45.143 1
45.143 3
45.374 2
45.374 4
45.605 4
45.605 1
45.835 2
45.835 1
45.989 3
46.143 1
46.143 4
46.374 1
46.374 3
46.605 4
46.605 2
46.835 1
46.912 3
46.989 1
47.066 3
47.066 4
47.22 2
47.374 1
47.374 4
47.528 3
47.681 2
47.681 1
47.758 4
47.758 3
47.912 4
47.912 1
48.066 2
48.143 3
48.22 2
48.297 4
48.297 1
48.451 3
48.605 2
48.605 4
48.681 1
48.758 2
48.835 3
48.912 4
48.989 1
49.066 2
49.143 3
49.22 4
49.297 3
49.374 2
49.451 1
49.528 4
49.605 3
49.681 2
49.758 1
49.835 3
49.835 4
49.989 2
50.143 4
50.297 1
50.451 3
50.605 2
50.758 4
50.912 3
51.066 1
51.374 4
51.681 3
51.989 2
52.297 3
52.451 1
52.605 4
52.758 2
52.912 1
53.066 3
53.22 2
53.374 4
53.528 3
53.835 1
54.143 4
54.297 1
54.374 2
54.451 3
54.605 1
54.681 2
54.758 4
54.758 3
54.912 1
55.066 4
55.22 2
55.374 3
55.528 2
55.681 4
55.835 1
55.912 2
55.989 3
55.989 4
56.143 1
56.297 3
56.451 2
56.605 4
56.758 3
56.912 1
56.989 2
57.066 3
57.143 4
57.22 2
57.22 1
57.297 3
57.374 4
57.451 2
57.528 3
57.605 1
57.681 2
57.758 4
57.835 3
57.835 1
57.912 2
57.989 4
58.066 3
58.143 1
58.22 2
58.297 3
58.374 4
58.451 2
58.451 1
58.605 4
58.758 3
58.758 2
58.912 1
59.066 3
59.066 4
59.374 1
59.374 2
59.374 4
59.681 4
59.681 3
59.681 1
59.835 2
59.989 1
59.989 4
60.143 3
60.297 2
60.297 4
60.451 3
60.528 2
60.605 1
60.605 4
60.681 3
60.758 2
60.912 4
60.912 1
61.066 3
61.22 2
61.22 1
61.374 4
61.451 3
61.528 1
61.528 2
61.681 3
61.758 2
61.835 1
61.835 4
61.912 2
61.989 3
62.143 2
62.143 4
62.297 1
62.451 4
62.451 3
62.605 2
62.758 3
62.758 4
62.912 1
63.066 4
63.066 3
63.22 2
63.374 3
63.374 4
63.528 1
63.681 4
63.681 3
63.835 2
63.989 3
63.989 4
64.143 1
64.297 3
64.297 4
64.451 2
64.605 3
64.605 4
64.758 1
64.912 2
64.912 4
65.066 3
65.22 1
65.22 4
65.374 3
65.451 2
65.528 4
65.528 1
65.605 2
65.681 3
65.835 4
65.835 1
65.989 2
66.143 1
66.143 3
66.297 2
66.374 1
66.451 4
66.451 3
66.605 2
66.681 3
66.758 1
66.758 4
66.835 2
66.912 3
67.066 2
67.066 1
67.22 4
67.374 3
67.374 2
67.528 4
67.681 3
67.681 1
67.835 4
67.835 2
67.989 2
67.989 4
68.143 4
68.143 2
68.297 3
68.297 1
68.451 4
68.528 2
68.605 4
68.758 1
68.912 4
68.912 2
69.066 2
69.22 3
69.374 3
69.528 1
69.528 2
69.681 3
69.835 4
69.835 1
69.989 2
70.143 3
70.143 4
70.297 1
70.451 4
70.451 3
70.605 2
70.758 1
70.758 4
70.912 4
70.912 3
71.066 2
71.066 3
71.22 2
71.22 1
71.374 4
71.374 3
71.681 1
71.681 4
71.989 2
71.989 3
72.143 1
72.297 2
72.297 3
72.451 4
72.605 1
72.605 2
72.758 3
72.912 2
72.912 4
73.066 1
73.22 4
73.22 3
73.374 2
73.528 3
73.528 1
73.681 2
73.835 3
73.835 4
73.989 1
74.143 2
74.143 3
74.297 4
74.374 3
74.451 2
74.451 1
74.605 4
74.681 1
74.681 2
74.758 3
74.912 1
74.912 4
75.066 3
75.066 2
75.22 1
75.297 4
75.297 3
75.374 2
75.528 1
75.528 4
75.605 3
75.681 2
75.681 4
75.835 1
75.912 3
75.912 2
75.989 4
76.143 2
76.143 1
76.297 3
76.297 4
76.451 2
76.528 1
76.528 4
76.605 3
76.758 1
76.758 4
76.912 3
76.912 2
77.066 4
77.066 2
77.22 1
77.22 3
77.374 1
77.374 4
77.528 4
77.528 3
77.605 2
77.681 1
77.758 3
77.835 1
77.835 2
77.989 4
77.989 3
78.143 2
78.143 1
78.297 4
78.451 1
78.528 3
78.605 2
78.681 3
78.758 1
78.912 4
79.066 3
79.066 2
79.374 4
79.374 1
79.605 3
79.835 1
80.066 1
80.297 4
80.451 3
80.605 2
80.605 1
80.835 2
80.835 3
81.066 3
81.066 4
81.22 1
81.22 2
81.374 4
81.451 2
81.528 3
81.681 1
81.835 2
81.835 3
81.835 4
82.066 1
82.297 3
82.528 2
82.758 4
82.912 3
83.066 1
83.066 2
83.297 2
83.297 3
83.528 3
83.528 4
83.681 1
83.681 2
83.835 4
83.989 3
83.989 2
84.143 1
84.297 3
84.297 4
84.528 2
84.528 4
84.758 3
84.758 1
84.989 1
84.989 4
85.22 3
85.22 4
85.374 3
85.374 2
85.528 2
85.528 1
85.758 3
85.758 4
85.989 3
85.989 1
86.22 2
86.22 4
86.451 3
86.451 4
86.605 1
86.605 2
86.758 3
86.758 4
86.989 3
86.989 2
87.22 4
87.22 1
87.451 2
87.451 4
87.681 3
87.681 1
87.835 2
87.835 4
87.989 3
87.989 4
88.143 1
88.22 2
88.297 3
88.374 2
88.451 1
88.528 4
88.605 3
88.681 2
88.758 4
88.835 3
88.912 1
88.912 2
89.22 3
89.22 4
89.374 2
89.451 4
89.528 3
89.528 1
89.681 4
89.835 1
89.835 2
89.912 4
89.989 3
90.143 1
90.143 4
90.297 2
90.451 1
90.451 3
90.605 4
90.681 2
90.758 3
90.758 4
90.912 1
91.066 3
91.066 4
91.143 1
91.22 2
91.374 4
91.374 1
91.528 3
91.681 2
91.681 4
91.835 1
91.912 2
91.989 3
91.989 4
92.143 1
92.297 3
92.297 4
92.374 1
92.451 3
92.605 2
92.605 4
92.758 1
92.912 4
92.912 3
92.989 2
93.066 3
93.22 4
93.22 1
93.297 2
93.374 3
93.528 1
93.528 4
93.681 2
93.681 3
93.835 4
93.835 1
93.989 2
94.143 3
94.143 4
94.297 1
94.374 2
94.451 3
94.451 4
94.605 1
94.758 3
94.758 4
94.835 1
94.912 2
95.066 1
95.066 4
95.22 3
95.374 4
95.374 2
95.528 1
95.605 2
95.681 3
95.681 4
95.835 1
95.989 1
95.989 2
96.066 4
96.143 3
96.297 2
96.297 4
96.451 3
96.605 2
96.605 1
96.758 4
96.835 2
96.912 3
96.912 4
97.066 1
97.22 3
97.22 4
97.297 1
97.374 2
97.528 1
97.528 4
97.681 3
97.835 2
97.835 4
97.989 1
98.066 2
98.143 3
98.143 4
98.297 2
98.374 3
98.451 4
98.451 1
98.605 2
98.681 1
98.758 3
98.758 4
99.066 2
99.066 1
99.22 3
99.297 2
99.374 3
99.374 4
99.528 1
99.681 3
99.681 4
99.758 1
99.835 2
99.989 1
99.989 4
100.143 3
100.297 4
100.297 1
100.451 2
100.528 1
100.605 3
100.605 4
100.758 2
100.912 1
100.912 4
100.989 3
101.066 2
101.22 3
101.22 4
101.374 1
101.374 2
101.528 3
101.528 4
101.681 1
101.758 2
101.835 3
101.835 1
101.989 4
102.143 2
102.143 1
102.22 4
102.297 3
102.451 1
102.451 4
102.605 2
102.758 3
102.758 4
102.912 1
103.066 3
103.066 4
103.143 1
103.22 2
103.374 1
103.374 4
103.528 3
103.528 2
103.681 1
103.681 4
103.835 3
103.989 2
103.989 1
104.143 4
104.22 2
104.297 3
104.297 4
104.451 2
104.605 3
104.605 4
104.681 2
104.758 3
104.912 2
104.912 4
105.066 3
105.22 4
105.22 2
105.374 3
105.451 2
105.528 3
105.528 4
105.681 2
105.835 3
105.835 4
105.989 4
106.143 1
106.143 2
106.22 3
106.297 4
106.374 2
106.451 3
106.451 4
106.605 1
106.605 2
106.758 3
106.758 4
106.912 1
106.912 4
107.066 3
107.066 2
107.22 1
107.22 4
107.297 3
107.374 2
107.374 1
107.528 4
107.528 3
107.681 2
107.681 1
107.835 4
107.835 3
107.989 1
108.066 2
108.143 1
108.22 2
108.297 4
108.374 3
108.451 4
108.528 3
108.605 1
108.605 2
108.681 4
108.758 3
108.835 2
108.912 3
108.912 4
109.143 2
109.143 4
109.374 3
109.374 1
109.605 1
109.605 4
109.835 3
109.835 2
109.989 1
110.143 3
110.143 4
110.374 4
110.374 2
110.605 3
110.605 1
110.835 4
110.835 1
110.912 3
110.989 2
111.066 4
111.066 1
111.22 3
111.374 2
111.374 1
111.605 4
111.605 3
111.835 1
111.835 2
111.989 4
112.066 3
112.066 1
112.143 2
112.22 1
112.297 3
112.297 4
112.451 2
112.605 3
112.605 1
112.758 4
113.066 1
113.066 2
113.143 3
113.143 4
113.22 1
113.22 2
