10.759 1
11.281 3
11.542 1
12.325 3
12.846 2
13.368 4
13.629 2
14.412 4
14.933 1
15.455 3
15.716 1
16.499 3
17.02 4
17.151 3
17.281 2
17.412 1
17.542 4
17.673 3
17.803 2
17.933 1
18.064 4
18.194 3
18.325 2
18.455 1
18.586 4
18.716 3
18.846 2
18.977 1
19.107 3
19.238 4
19.368 2
19.499 1
19.629 3
19.759 4
19.89 2
20.02 1
20.151 3
20.281 4
20.412 2
20.542 1
20.673 3
20.803 4
20.933 2
21.064 1
21.194 3
21.325 2
21.455 4
21.586 1
21.716 3
21.846 2
21.977 4
22.107 1
22.238 3
22.368 2
22.499 4
22.629 1
22.759 3
22.89 2
23.02 4
23.151 1
23.281 2
23.412 4
23.542 1
23.673 3
23.803 2
23.933 4
24.064 1
24.194 3
24.325 2
24.455 4
24.586 1
24.716 3
24.846 2
24.977 4
25.107 1
25.238 3
25.368 2
25.368 4
25.499 2
25.629 3
25.759 3
25.89 1
26.02 1
26.151 3
26.281 3
26.412 1
26.412 2
26.477 1
26.477 2
26.542 3
26.542 4
26.673 1
26.673 2
26.673 4
26.803 3
26.803 4
26.868 3
26.868 4
26.933 1
26.933 2
27.064 1
27.064 3
27.064 4
27.194 2
27.194 3
27.194 4
27.325 1
27.325 2
27.325 3
27.455 1
27.455 2
27.455 4
27.586 4
27.716 1
27.716 3
27.846 1
27.977 2
27.977 3
27.977 4
28.107 4
28.238 1
28.238 2
28.325 1
28.325 3
28.412 2
28.412 4
28.499 3
28.499 4
28.629 1
28.629 2
28.759 1
28.759 3
28.89 4
28.955 2
29.02 1
29.02 3
29.02 4
29.151 1
29.151 2
29.216 3
29.281 2
29.281 4
29.346 1
29.412 3
29.412 4
29.477 2
29.542 1
29.542 4
29.673 1
29.803 2
29.803 3
29.933 3
30.064 1
30.064 2
30.064 4
30.194 4
30.325 1
30.325 3
30.412 1
30.412 2
30.499 3
30.499 4
30.586 2
30.586 4
30.716 1
30.716 3
30.846 1
30.846 2
30.977 4
31.042 3
31.107 1
31.107 2
31.14 4
31.173 3
31.205 1
31.238 2
31.27 4
31.303 3
31.336 1
31.368 2
31.433 4
31.499 1
31.499 3
31.564 2
31.629 3
31.629 4
31.759 4
31.89 1
31.89 2
32.02 2
32.151 1
32.151 3
32.151 4
32.281 3
32.412 1
32.412 2
32.499 2
32.499 4
32.586 1
32.586 3
32.673 3
32.673 4
32.803 1
32.803 2
32.933 1
32.933 4
33.064 2
33.129 3
33.194 1
33.194 2
33.194 4
33.325 2
33.325 3
33.39 1
33.455 3
33.455 4
33.52 2
33.586 1
33.586 3
33.651 4
33.716 1
33.716 2
33.846 2
33.846 4
33.977 3
33.977 4
34.107 1
34.107 2
34.238 1
34.238 3
34.238 4
34.368 2
34.368 4
34.499 1
34.499 2
34.629 3
34.694 2
34.759 1
34.759 4
34.89 2
34.89 3
34.955 1
35.02 3
35.02 4
35.151 1
35.216 2
35.281 3
35.281 4
35.314 1
35.346 2
35.379 4
35.412 3
35.444 1
35.477 2
35.509 4
35.542 3
35.607 1
35.673 2
35.738 3
35.803 1
35.803 4
35.933 4
36.064 2
36.064 3
36.194 2
36.325 1
36.325 3
36.325 4
36.455 1
36.586 2
36.586 4
36.673 3
36.673 4
36.759 1
36.759 2
36.846 1
36.846 3
36.977 2
36.977 4
37.107 2
37.107 3
37.238 1
37.303 3
37.368 1
37.368 2
37.368 4
37.499 3
37.499 4
37.564 2
37.629 1
37.629 3
37.694 4
37.759 1
37.759 2
37.825 3
37.89 2
37.89 4
38.02 1
38.151 3
38.151 4
38.281 3
38.412 1
38.412 2
38.412 4
38.542 1
38.673 2
38.673 3
38.759 1
38.759 2
38.846 3
38.846 4
38.933 2
38.933 3
39.064 1
39.064 4
39.194 1
39.194 2
39.325 4
39.39 3
39.455 1
39.455 2
39.488 4
39.52 3
39.553 1
39.586 2
39.618 4
39.651 3
39.683 1
39.716 2
39.781 4
39.846 1
39.846 3
39.912 2
39.977 3
39.977 4
40.107 1
40.238 2
40.238 4
40.368 4
40.499 1
40.499 2
40.499 3
40.629 1
40.759 3
40.759 4
40.846 1
40.846 3
40.933 2
40.933 4
41.02 1
41.02 2
41.151 3
41.151 4
41.281 1
41.281 4
41.412 2
41.477 3
41.542 1
41.542 2
41.542 4
41.673 1
41.673 3
41.738 2
41.803 3
41.803 4
41.868 1
41.933 2
41.933 3
41.999 4
42.064 1
42.064 2
42.194 1
42.194 4
42.325 2
42.325 3
42.455 3
42.455 4
42.586 1
42.586 2
42.716 1
42.716 4
42.846 3
42.846 4
42.977 2
43.042 3
43.107 1
43.107 4
43.238 1
43.238 2
43.303 3
43.368 1
43.368 4
43.499 1
43.499 3
43.564 2
43.629 4
43.662 3
43.694 2
43.727 1
43.759 4
43.792 3
43.825 2
43.857 1
43.89 4
43.955 3
44.02 4
44.086 2
44.151 1
44.151 4
44.183 3
44.216 2
44.281 1
44.346 4
44.412 2
44.412 3
44.542 1
44.542 2
44.673 3
44.673 4
44.803 2
44.803 3
44.933 1
44.933 4
44.966 3
44.999 2
45.064 4
45.129 3
45.194 1
45.194 2
45.325 1
45.325 4
45.455 2
45.455 3
45.586 3
45.586 4
45.716 1
45.716 2
45.846 2
45.846 4
45.977 1
45.977 3
46.107 2
46.107 3
46.238 1
46.238 4
46.27 2
46.303 3
46.368 1
46.433 2
46.499 3
46.499 4
46.629 1
46.629 4
46.759 1
46.759 2
46.89 2
46.89 3
47.02 1
47.02 4
47.053 2
47.086 3
47.151 1
47.216 2
47.281 3
47.281 4
47.412 2
47.412 4
47.542 1
47.542 3
47.673 1
47.673 4
47.803 2
47.803 3
47.933 1
47.933 3
48.064 2
48.064 4
48.194 1
48.194 4
48.325 3
48.325 4
48.357 2
48.39 1
48.455 3
48.52 2
48.586 1
48.586 4
48.716 3
48.716 4
48.846 2
48.846 3
48.977 1
48.977 2
49.107 3
49.107 4
49.14 2
49.173 1
49.238 3
49.303 2
49.368 1
49.368 4
49.499 3
49.499 4
49.629 1
49.629 2
49.759 2
49.759 4
49.89 3
49.89 4
50.02 1
50.02 2
50.151 1
50.151 3
50.281 3
50.281 4
50.412 1
50.412 2
50.444 3
50.477 4
50.542 2
50.607 3
50.673 1
50.673 4
50.803 1
50.803 2
50.933 2
50.933 4
51.064 3
51.064 4
51.194 1
51.194 2
51.227 3
51.259 4
51.325 2
51.39 3
51.455 1
51.455 4
51.586 1
51.586 2
51.716 3
51.716 4
51.846 2
51.846 4
51.977 1
51.977 2
52.107 1
52.107 3
52.238 2
52.238 4
52.368 3
52.368 4
52.499 1
52.499 2
52.531 3
52.564 4
52.629 2
52.694 3
52.759 1
52.759 4
52.792 2
52.825 3
52.89 1
52.955 2
53.02 3
53.02 4
53.053 2
53.086 1
53.151 3
53.216 2
53.281 1
53.281 4
53.314 3
53.346 2
53.412 4
53.477 3
53.542 1
53.542 2
53.575 3
53.607 4
53.673 2
53.738 3
53.803 1
53.803 4
53.836 2
53.868 3
53.933 1
53.999 2
54.064 3
54.064 4
54.096 2
54.129 1
54.194 3
54.259 2
54.325 1
54.325 4
54.357 3
54.39 2
54.455 4
54.52 3
54.586 1
54.586 2
54.618 3
54.651 4
54.716 2
54.781 3
54.846 1
54.846 4
54.879 2
54.912 3
54.977 1
55.042 2
55.107 3
55.107 4
55.14 2
55.173 1
55.238 3
55.303 2
55.368 1
55.368 4
55.401 3
55.433 2
55.499 4
55.564 3
55.629 1
55.629 2
55.662 3
55.694 4
55.759 2
55.825 3
55.89 1
55.89 4
55.923 2
55.955 3
56.02 1
56.086 2
56.151 3
56.151 4
56.183 2
56.216 1
56.281 3
56.346 2
56.412 1
56.412 4
56.444 3
56.477 2
56.542 4
56.607 3
56.673 1
56.673 2
56.738 4
56.803 1
56.803 2
56.868 4
56.933 1
56.933 2
56.999 4
57.064 1
57.064 3
57.129 2
57.194 3
57.194 4
57.259 1
57.325 3
57.325 4
57.39 1
57.455 3
57.455 4
57.52 1
57.586 2
57.586 4
57.651 3
57.716 1
57.716 2
57.781 3
57.781 4
57.846 1
57.846 2
57.912 3
57.912 4
57.977 1
57.977 2
58.042 3
58.042 4
58.107 1
58.107 2
58.173 3
58.173 4
58.238 1
58.238 2
58.303 1
58.303 2
58.368 3
58.368 4
58.433 3
58.433 4
58.499 1
58.499 2
58.564 1
58.564 2
58.629 3
58.629 4
58.694 3
58.694 4
58.759 1
58.759 2
58.89 1
58.89 3
59.02 1
59.02 2
59.151 1
59.151 3
59.281 1
59.281 2
59.281 4
59.542 2
59.542 3
59.673 1
59.673 3
59.673 4
59.933 2
59.933 3
60.064 1
60.064 2
60.064 4
60.325 1
60.325 4
60.846 1
60.846 4
60.912 2
60.912 3
61.042 1
61.042 3
61.238 2
61.238 4
61.368 1
61.368 3
61.368 4
61.629 1
61.629 2
61.629 3
61.694 4
61.759 2
61.825 2
61.89 3
61.955 3
62.02 1
62.02 4
62.086 2
62.151 1
62.151 4
62.216 2
62.281 3
62.346 3
62.412 1
62.412 2
62.412 4
62.477 1
62.542 3
62.542 4
62.607 2
62.673 4
62.738 4
62.803 2
62.868 2
62.933 1
62.933 3
62.999 4
63.064 1
63.129 1
63.194 3
63.259 3
63.325 2
63.39 2
63.455 1
63.455 3
63.455 4
63.52 4
63.586 1
63.651 1
63.716 3
63.716 4
63.781 2
63.846 2
63.912 1
63.977 3
64.042 3
64.107 2
64.107 4
64.173 1
64.238 3
64.238 4
64.303 2
64.368 1
64.433 1
64.499 2
64.499 3
64.499 4
64.629 1
64.629 2
64.694 3
64.759 1
64.759 4
64.825 2
64.89 1
64.89 4
64.955 3
65.02 2
65.02 4
65.086 1
65.086 3
65.151 2
65.216 1
65.216 4
65.281 3
65.412 2
65.412 3
65.542 1
65.542 2
65.542 4
65.673 3
65.803 2
65.803 4
65.868 1
65.933 3
65.999 3
66.064 2
66.129 2
66.194 3
66.194 4
66.259 1
66.325 2
66.325 3
66.39 4
66.455 1
66.52 2
66.586 3
66.586 4
66.651 3
66.716 1
66.716 2
66.781 4
66.846 3
66.912 3
66.977 1
67.042 4
67.107 2
67.107 3
67.173 4
67.238 1
67.303 1
67.368 3
67.433 3
67.499 4
67.629 1
67.629 2
67.629 3
67.694 2
67.759 4
67.825 4
67.89 1
67.89 2
67.955 3
68.02 4
68.086 1
68.151 2
68.216 2
68.281 3
68.281 4
68.346 1
68.412 2
68.412 3
68.477 4
68.542 1
68.607 3
68.673 1
68.673 2
68.673 4
68.803 3
68.803 4
68.846 1
68.89 2
68.933 3
68.977 4
69.02 1
69.064 2
69.107 3
69.151 4
69.194 1
69.194 2
69.259 3
69.259 4
69.325 2
69.39 1
69.39 4
69.455 3
69.586 1
69.586 2
69.716 2
69.716 3
69.716 4
69.846 1
69.977 2
69.977 3
69.977 4
70.042 1
70.107 3
70.107 4
70.173 1
70.173 2
70.238 3
70.238 4
70.303 1
70.303 2
70.368 1
70.368 4
70.433 3
70.499 1
70.499 4
70.564 3
70.629 1
70.629 2
70.694 3
70.694 4
70.759 1
70.759 2
70.759 4
70.825 1
70.825 2
70.89 3
70.89 4
70.955 2
71.02 1
71.02 4
71.086 1
71.086 3
71.151 2
71.216 3
71.216 4
71.281 1
71.281 4
71.346 2
71.412 3
71.412 4
71.542 3
71.542 4
71.673 3
71.673 4
71.803 1
71.803 3
71.803 4
71.933 3
71.933 4
72.064 2
72.064 3
72.064 4
72.194 3
72.194 4
72.325 3
72.325 4
72.455 1
72.455 3
72.455 4
72.586 2
72.586 3
72.586 4
72.716 3
72.716 4
72.846 1
72.846 3
72.846 4
72.977 1
72.977 2
73.042 3
73.042 4
73.173 1
73.173 2
73.238 3
73.238 4
73.368 1
73.368 2
73.499 2
73.499 4
73.629 1
73.629 4
73.759 1
73.759 2
73.759 3
73.89 3
73.89 4
73.955 1
73.955 2
74.02 1
74.02 4
74.086 3
74.151 1
74.151 2
74.151 4
74.281 3
74.281 4
74.346 1
74.346 2
74.412 2
74.412 3
74.477 4
74.542 1
74.542 2
74.673 3
74.673 4
74.738 1
74.738 2
74.803 1
74.803 3
74.803 4
74.868 2
74.933 3
74.933 4
75.064 1
75.064 2
75.129 3
75.194 1
75.194 2
75.194 4
75.325 3
75.325 4
75.455 1
75.455 2
75.586 1
75.586 4
75.716 2
75.716 4
75.846 1
75.846 3
75.846 4
75.977 1
75.977 2
76.042 3
76.042 4
76.107 1
76.107 3
76.173 2
76.238 1
76.238 3
76.238 4
76.368 2
76.368 4
76.433 1
76.433 4
76.499 2
76.499 3
76.564 1
76.629 3
76.629 4
76.759 1
76.759 2
76.825 2
76.825 3
76.89 3
76.89 4
77.02 1
77.02 2
77.02 4
77.086 3
77.151 2
77.216 3
77.281 2
77.346 1
77.412 2
77.477 1
77.542 3
77.542 4
77.575 2
77.607 1
77.673 3
77.738 2
77.803 1
77.803 4
77.836 3
77.868 2
77.933 4
77.999 3
78.064 1
78.064 2
78.096 3
78.129 4
78.194 2
78.259 3
78.325 1
78.325 4
78.357 2
78.39 3
78.455 1
78.52 2
78.586 3
78.586 4
78.618 2
78.651 1
78.716 3
78.781 2
78.846 1
78.846 4
78.879 3
78.912 2
78.977 4
79.042 3
79.107 1
79.107 2
79.14 3
79.173 4
79.238 2
79.303 3
79.368 1
79.368 4
79.401 2
79.433 3
79.499 1
79.564 2
79.629 3
79.629 4
79.662 2
79.694 1
79.759 3
79.825 2
79.89 1
79.89 4
79.923 3
79.955 2
80.02 4
80.086 3
80.151 1
80.151 2
80.183 3
80.216 4
80.281 2
80.346 3
80.412 1
80.412 4
80.444 2
80.477 3
80.542 1
80.607 2
80.673 3
80.673 4
80.705 2
80.738 1
80.803 3
80.868 2
80.933 1
80.933 4
80.966 3
80.999 2
81.064 4
81.129 3
81.194 1
81.194 2
81.227 3
81.259 4
81.325 2
81.39 3
81.455 1
81.455 4
81.488 2
81.52 3
81.586 1
81.651 2
81.716 3
81.716 4
81.781 1
81.846 3
81.846 4
81.912 1
81.977 3
81.977 4
82.042 1
82.107 2
82.107 4
82.173 3
82.238 1
82.238 2
82.303 4
82.368 1
82.368 2
82.433 4
82.499 1
82.499 2
82.564 4
82.629 1
82.629 3
82.694 2
82.759 3
82.759 4
82.825 1
82.825 2
82.89 3
82.89 4
82.955 1
82.955 2
83.02 3
83.02 4
83.086 1
83.086 2
83.151 3
83.151 4
83.216 1
83.216 2
83.281 3
83.281 4
83.346 3
83.346 4
83.412 1
83.412 2
83.477 1
83.477 2
83.542 3
83.542 4
83.607 3
83.607 4
83.673 1
83.673 2
83.738 1
83.738 2
83.803 3
83.803 4
83.933 2
83.933 4
84.064 3
84.064 4
84.194 2
84.194 4
84.325 1
84.325 3
84.325 4
84.586 2
84.586 3
84.716 1
84.716 2
84.716 4
84.814 3
84.912 2
85.009 3
85.107 1
85.107 4
85.194 2
85.281 3
85.368 1
85.368 4
85.89 1
85.89 2
85.89 4
85.994 3
85.994 4
86.099 3
86.099 4
86.203 1
86.203 2
86.307 1
86.307 2
86.412 1
86.412 3
86.412 4
86.673 1
86.673 3
86.673 4
86.759 2
86.759 3
86.846 1
86.846 4
86.933 1
86.933 2
87.02 3
87.02 4
87.107 1
87.107 4
87.194 2
87.194 3
87.281 1
87.281 2
87.368 3
87.368 4
87.455 1
87.455 2
87.455 3
87.542 1
87.542 4
87.629 2
87.629 3
87.716 2
87.716 4
87.803 1
87.803 3
87.89 2
87.89 3
87.977 1
87.977 4
88.064 1
88.064 2
88.151 3
88.151 4
88.238 2
88.238 4
88.325 1
88.325 3
88.412 1
88.412 4
88.499 2
88.499 3
88.499 4
88.586 1
88.586 2
88.673 3
88.673 4
88.759 1
88.759 3
88.846 2
88.846 4
88.933 1
88.933 2
89.02 3
89.02 4
89.107 1
89.107 4
89.194 2
89.194 3
89.281 1
89.281 2
89.368 3
89.368 4
89.455 1
89.455 2
89.542 1
89.542 3
89.542 4
89.629 2
89.629 3
89.716 1
89.716 4
89.803 2
89.803 3
89.89 1
89.89 2
89.977 3
89.977 4
90.064 1
90.064 2
90.151 1
90.151 2
90.238 3
90.238 4
90.325 3
90.325 4
90.412 1
90.412 2
90.499 1
90.499 2
90.586 1
90.586 3
90.586 4
90.846 1
90.846 3
90.846 4
90.912 2
90.977 4
91.042 2
91.107 4
91.173 1
91.238 2
91.238 3
91.303 1
91.368 3
91.368 4
91.433 2
91.499 1
91.499 4
91.629 2
91.629 3
91.694 1
91.759 3
91.759 4
91.825 1
91.89 3
91.955 4
92.02 1
92.02 2
92.151 3
92.151 4
92.216 1
92.281 3
92.346 1
92.412 2
92.477 4
92.542 1
92.542 3
92.673 2
92.673 4
92.738 3
92.803 2
92.868 3
92.933 1
92.933 4
92.999 2
93.064 1
93.064 4
93.194 3
93.259 2
93.325 1
93.325 4
93.39 3
93.455 1
93.455 2
93.52 3
93.586 2
93.586 4
93.716 1
93.716 3
93.846 1
93.846 4
93.912 2
93.977 4
94.107 3
94.238 1
94.238 2
94.238 4
94.342 3
94.342 4
94.446 3
94.446 4
94.551 1
94.551 2
94.655 1
94.655 2
94.759 1
94.759 3
94.759 4
95.02 1
95.02 3
95.02 4
95.107 2
95.107 3
95.194 1
95.194 4
95.281 2
95.281 3
95.368 1
95.368 4
95.455 3
95.455 4
95.542 1
95.542 2
95.629 1
95.629 4
95.716 2
95.716 3
95.803 1
95.803 2
95.803 4
95.89 3
95.89 4
95.977 1
95.977 2
96.064 1
96.064 3
96.151 2
96.151 4
96.238 3
96.238 4
96.325 1
96.325 2
96.412 2
96.412 4
96.499 1
96.499 3
96.586 3
96.586 4
96.673 1
96.673 2
96.759 3
96.759 4
96.846 1
96.846 2
96.846 4
96.933 2
97.02 1
97.02 4
97.107 2
97.107 3
97.194 3
97.194 4
97.281 1
97.281 2
97.368 1
97.368 4
97.455 2
97.455 3
97.542 1
97.542 4
97.629 3
97.629 4
97.716 1
97.716 2
97.803 3
97.803 4
97.89 1
97.89 2
97.89 4
97.977 2
97.977 3
98.064 1
98.064 4
98.151 1
98.151 2
98.238 3
98.238 4
98.325 1
98.325 2
98.412 3
98.412 4
98.412 1
98.516 3
98.516 4
98.62 1
98.62 2
98.725 1
98.725 2
98.829 4
98.829 3
98.933 2
98.933 3
98.933 1
99.194 4
99.194 3
99.194 1
99.259 2
99.325 4
99.39 2
99.455 4
99.455 3
99.52 1
99.586 3
99.651 1
99.716 2
99.781 3
99.846 4
99.846 2
99.846 1
99.912 3
99.977 4
100.042 3
100.107 1
100.173 2
100.238 1
100.238 3
100.238 4
100.303 2
100.368 1
100.368 4
100.499 2
100.499 3
100.564 1
100.629 3
100.694 2
100.759 1
100.825 3
100.89 1
100.89 2
100.89 4
100.955 3
101.02 2
101.086 4
101.151 1
101.216 3
101.281 2
101.281 4
101.346 1
101.412 3
101.412 4
101.542 1
101.542 2
101.607 1
101.673 2
101.738 4
101.803 1
101.803 3
101.868 2
101.933 3
101.933 4
102.064 1
102.064 2
102.586 1
102.586 3
102.586 4
102.673 3
102.673 4
102.759 1
102.759 2
102.846 1
102.846 2
102.933 4
102.977 1
102.977 3
103.02 2
103.107 1
103.107 3
103.107 4
103.368 1
103.368 2
103.368 4
103.433 3
103.499 2
103.564 1
103.629 3
103.629 4
103.694 2
103.759 4
103.825 3
103.89 1
103.955 2
104.02 1
104.02 3
104.02 4
104.086 2
104.151 3
104.151 4
104.216 1
104.281 2
104.346 3
104.412 1
104.412 2
104.412 4
104.477 3
104.542 1
104.607 2
104.673 3
104.673 4
104.738 2
104.803 1
104.868 4
104.933 2
104.999 3
105.064 1
105.064 2
105.064 4
105.129 3
105.194 1
105.194 4
105.259 2
105.325 3
105.39 2
105.455 1
105.455 3
105.455 4
105.52 2
105.586 4
105.651 1
105.716 2
105.716 3
105.781 4
105.846 1
105.846 2
105.977 1
105.977 2
106.107 1
106.107 2
106.107 4
106.238 1
106.238 3
106.238 4
106.303 2
106.368 1
106.368 4
106.433 3
106.499 1
106.499 2
106.499 4
106.629 3
106.759 1
106.759 2
106.846 1
106.846 2
106.933 3
106.933 4
107.02 3
107.02 4
107.107 1
107.151 2
107.151 4
107.194 3
107.281 1
107.281 2
107.281 4
107.542 1
107.542 3
107.542 4
107.607 2
107.673 3
107.738 1
107.803 2
107.803 4
107.868 3
107.933 2
107.999 3
108.064 1
108.129 4
108.194 1
108.194 2
108.194 3
108.259 4
108.325 1
108.325 2
108.39 3
108.455 4
108.52 2
108.586 1
108.586 3
108.586 4
108.651 2
108.716 1
108.781 3
108.846 2
108.846 4
108.912 1
108.977 3
109.042 2
109.107 4
109.173 1
109.238 2
109.238 3
109.238 4
109.303 1
109.368 3
109.368 4
109.433 2
109.499 3
109.564 1
109.629 2
109.629 3
109.629 4
109.694 1
109.759 2
109.825 4
109.89 1
109.89 3
109.955 2
110.02 3
110.02 4
110.151 3
110.151 4
110.281 1
110.281 3
110.281 4
110.412 1
110.412 2
110.412 4
110.477 3
110.542 1
110.542 4
110.607 2
110.673 1
110.673 3
110.673 4
110.803 2
110.933 3
110.933 4
111.02 3
111.02 4
111.107 1
111.107 2
111.194 1
111.194 2
111.281 4
111.325 1
111.325 3
111.368 2
111.455 3
111.455 4
111.586 1
111.586 2
111.651 3
111.716 1
111.716 2
111.716 4
111.781 3
111.846 2
111.912 3
111.977 1
111.977 2
112.042 4
112.107 3
112.173 1
112.238 2
112.303 1
112.368 2
112.368 3
112.368 4
112.433 1
112.499 3
112.499 4
112.564 2
112.629 1
112.629 4
112.694 3
112.759 1
112.759 2
112.759 4
112.825 3
112.89 2
112.955 4
113.02 1
113.02 3
113.086 2
113.151 1
113.216 2
113.281 4
113.346 3
113.412 1
113.412 2
113.412 4
113.477 3
113.542 1
113.542 4
113.607 2
113.673 1
113.673 3
113.738 2
113.803 1
113.803 3
113.803 4
113.868 2
113.933 3
113.999 2
114.064 1
114.064 4
114.129 3
114.194 4
114.259 3
114.325 2
114.39 1
114.455 2
114.455 3
114.455 4
114.52 1
114.586 3
114.586 4
114.651 2
114.716 1
114.716 4
114.781 3
114.846 1
114.846 2
114.846 4
114.912 3
114.977 2
115.042 1
115.107 3
115.107 4
115.14 2
115.173 1
115.238 4
115.303 2
115.368 3
115.433 4
115.499 1
115.499 2
115.499 3
115.564 4
115.629 1
115.629 2
115.694 3
115.759 1
115.759 4
115.825 2
115.89 1
115.89 3
115.89 4
115.955 2
116.02 3
116.086 4
116.151 1
116.151 2
116.183 3
116.216 4
116.281 2
116.346 1
116.412 3
116.477 2
116.542 1
116.542 3
116.542 4
116.607 2
116.673 3
116.673 4
116.738 1
116.803 2
116.803 3
116.868 4
116.933 1
116.933 2
116.933 3
116.999 4
117.064 1
117.129 2
117.194 1
117.194 3
117.194 4
117.259 2
117.325 3
117.325 4
117.39 2
117.455 1
117.455 3
117.455 4
117.52 2
117.586 3
117.586 4
117.651 2
117.716 1
117.716 3
117.716 4
117.781 2
117.846 3
117.846 4
117.912 2
117.977 1
117.977 3
117.977 4
118.042 2
118.107 1
118.107 4
118.173 3
118.238 1
118.238 2
118.238 4
118.303 3
118.368 1
118.368 2
118.433 3
118.499 1
118.499 2
118.499 4
118.564 3
118.629 1
118.629 2
118.694 3
118.759 1
118.759 2
118.759 4
119.281 1
119.281 3
119.281 4
119.412 2
119.477 3
119.542 4
119.607 1
119.673 2
119.738 3
119.803 2
119.868 3
119.933 4
119.999 1
120.064 2
120.129 3
120.194 1
120.259 2
120.325 4
120.39 3
120.455 2
120.52 1
120.586 3
120.651 2
120.716 4
120.781 3
120.846 2
120.912 1
120.977 4
121.042 2
121.107 3
121.173 2
121.238 1
121.303 4
121.368 2
121.433 3
121.499 4
121.564 1
121.629 2
121.694 3
121.759 2
121.825 4
121.89 1
121.955 2
122.02 3
122.086 4
122.151 2
122.216 3
122.281 4
122.346 1
122.412 2
122.477 3
122.542 2
122.607 1
122.673 4
122.738 3
122.803 2
122.868 4
122.933 3
122.999 2
123.064 3
123.129 2
123.194 1
123.259 4
123.325 3
123.39 2
123.455 1
123.52 2
123.586 3
123.651 1
123.716 2
123.781 4
123.846 1
123.912 3
123.977 4
124.042 2
124.107 3
124.173 4
124.238 1
124.303 2
124.368 3
124.433 1
124.499 2
124.564 4
124.629 3
124.694 2
124.759 1
124.825 4
124.89 2
124.955 3
125.02 1
125.086 4
125.151 3
125.216 2
125.281 4
125.346 3
125.412 1
125.477 4
125.542 2
125.607 1
125.673 3
125.738 2
125.803 1
125.803 4
125.868 3
125.933 2
125.999 3
126.064 4
126.129 1
126.194 2
126.259 3
126.325 4
126.39 1
126.455 3
126.52 2
126.586 3
126.651 1
126.716 4
126.781 3
126.846 4
126.912 3
126.977 2
127.042 1
127.107 4
127.173 3
127.238 2
127.303 4
127.368 1
127.433 3
127.499 2
127.564 1
127.629 3
127.694 4
127.759 2
127.825 3
127.89 1
127.955 2
128.02 3
128.086 4
128.151 2
128.216 3
128.281 1
128.346 2
128.412 3
128.477 2
128.542 3
128.607 4
128.673 2
128.738 1
128.803 3
128.868 2
128.933 4
128.999 3
129.064 2
129.129 4
129.194 3
129.259 2
129.325 1
129.39 3
129.455 2
129.52 4
129.586 1
129.651 3
129.716 2
129.781 1
129.846 3
129.912 4
129.977 2
130.042 3
130.107 1
130.173 2
130.238 4
130.303 1
130.368 3
130.433 4
130.499 2
130.564 3
130.629 1
130.694 2
130.759 3
130.825 4
130.89 3
130.955 2
131.02 1
131.086 3
131.151 2
131.216 4
131.281 1
131.346 3
131.412 2
131.477 1
131.542 3
131.607 2
131.673 4
131.738 3
131.803 2
131.868 4
131.933 1
131.999 2
132.064 3
132.129 4
132.194 2
132.259 3
132.325 1
132.39 2
132.455 3
132.52 2
132.586 3
132.651 4
132.716 1
132.781 2
132.846 3
132.912 2
132.977 4
133.042 3
133.107 1
133.173 4
133.238 2
133.303 3
133.368 2
133.433 1
133.499 4
133.564 3
133.629 2
133.694 1
133.759 4
133.825 2
133.89 3
133.955 1
134.02 2
134.086 4
134.151 1
134.216 3
134.281 2
134.346 4
134.412 1
134.477 2
134.542 3
134.607 1
134.673 2
134.738 4
134.803 1
134.868 3
134.933 2
134.999 4
135.064 3
135.129 2
135.194 1
135.259 3
135.325 2
135.39 4
135.455 1
135.52 3
135.586 2
135.651 1
135.716 4
135.781 3
135.846 2
135.912 4
135.977 1
136.042 3
136.107 2
136.173 4
136.238 1
136.303 3
136.368 4
136.433 2
136.499 3
136.564 1
136.629 2
136.694 4
136.759 1
136.825 3
136.89 4
136.955 2
137.02 3
137.086 1
137.151 2
137.216 1
137.281 4
137.346 3
137.412 1
137.477 2
137.542 3
137.607 4
137.673 2
137.738 1
137.803 4
137.868 1
137.933 3
137.999 2
138.064 1
138.129 4
138.194 2
138.259 3
138.325 1
138.39 4
138.455 2
138.52 3
138.586 4
138.651 1
138.716 3
138.781 1
138.846 2
138.912 4
138.977 3
139.042 1
139.107 4
139.173 2
139.238 1
139.303 3
139.368 2
139.433 3
139.499 4
139.564 1
139.629 3
139.694 2
139.759 1
139.825 4
139.89 3
139.955 4
140.02 2
140.086 1
140.151 4
140.216 3
140.281 1
140.346 2
140.412 4
140.477 3
140.542 2
140.607 1
140.673 3
140.738 2
140.803 1
140.868 4
140.933 3
140.999 2
141.064 4
141.129 1
141.194 4
141.259 2
141.325 3
141.39 2
141.455 1
141.52 4
141.586 3
141.651 2
141.716 4
141.781 2
141.846 1
141.912 3
141.977 2
142.042 4
142.107 3
142.173 4
142.238 1
142.303 2
142.368 4
142.433 3
142.499 2
142.564 1
142.629 3
142.694 4
142.759 1
142.825 2
142.89 4
142.955 3
143.02 2
143.086 1
143.151 3
143.216 1
143.281 4
143.346 2
143.412 3
143.477 2
143.542 1
143.607 4
143.673 2
143.738 3
143.803 4
143.868 3
143.933 1
143.999 2
144.064 4
144.129 3
144.194 2
144.259 1
144.325 3
144.39 4
144.455 1
144.52 2
144.586 3
144.651 4
144.716 1
144.781 2
144.846 4
144.912 3
144.977 2
145.042 1
145.107 3
145.173 4
145.238 2
145.303 1
145.368 4
145.433 3
145.499 1
145.564 2
145.629 3
145.694 2
145.759 4
145.825 1
145.89 2
145.955 1
146.02 3
146.086 4
146.151 1
146.216 2
146.281 4
146.346 2
146.412 3
146.477 1
146.542 4
146.607 2
146.673 3
146.738 2
146.803 1
146.868 4
146.933 2
146.999 3
147.064 4
147.129 3
147.194 1
147.259 2
147.325 3
147.39 4
147.455 2
147.52 1
147.586 3
147.651 1
147.716 4
147.781 2
147.846 1
147.912 3
147.977 2
148.042 3
148.107 4
148.173 1
148.238 3
148.303 2
148.368 1
148.433 4
148.499 2
148.564 3
148.629 4
148.694 1
148.759 3
148.825 4
148.89 1
148.955 2
149.02 4
149.086 3
149.151 2
149.216 1
149.281 3
149.346 1
149.412 4
149.477 2
149.542 1
149.607 3
149.673 2
149.738 3
149.803 4
149.868 1
149.933 3
149.999 2
150.064 4
150.129 1
150.194 2
150.259 3
150.325 1
150.39 3
150.455 4
150.52 2
150.586 1
150.586 3
150.977 3
150.977 4
151.107 3
151.107 4
152.673 2
152.673 3
152.673 4
152.933 2
153.064 4
153.129 3
153.194 1
153.325 2
153.455 3
153.455 4
153.542 1
153.629 2
153.716 4
153.846 3
153.977 1
153.977 2
154.107 4
154.238 1
154.368 3
154.433 2
154.499 4
154.629 1
154.759 2
154.759 3
154.89 4
155.02 2
155.151 1
155.281 4
155.412 3
155.542 1
155.542 2
155.629 4
155.716 1
155.803 3
155.933 2
156.064 3
156.064 4
156.194 1
156.325 2
156.455 4
156.52 1
156.586 3
156.716 2
156.716 4
156.846 1
156.846 3
156.977 2
157.107 4
157.238 1
157.303 3
157.368 2
157.499 4
157.629 1
157.629 3
157.716 2
157.803 4
157.89 3
158.02 1
158.151 2
158.151 4
158.281 3
158.412 1
158.542 4
158.607 2
158.673 3
158.803 1
158.933 2
158.933 3
159.064 4
159.194 1
159.325 3
159.455 2
159.586 4
159.716 1
159.716 3
159.846 2
159.977 4
160.107 3
160.173 2
160.238 1
160.238 4
160.368 3
160.499 2
160.629 4
160.694 1
160.759 3
160.89 1
160.89 2
161.02 3
161.02 4
161.151 1
161.281 3
161.412 4
161.477 2
161.542 1
161.673 4
161.803 2
161.803 3
161.89 1
161.977 3
162.064 4
162.194 1
162.325 2
162.325 3
162.455 4
162.586 1
162.716 3
162.781 2
162.846 1
162.977 4
163.107 2
163.107 3
163.238 1
163.368 4
163.499 3
163.629 1
163.759 4
163.89 1
163.89 3
163.977 2
164.064 4
164.151 1
164.281 2
164.412 3
164.412 4
164.542 1
164.673 2
164.803 4
164.868 3
164.933 1
165.064 2
165.064 3
165.194 1
165.194 4
165.325 2
165.455 3
165.586 1
165.651 4
165.716 2
165.846 1
165.977 3
165.977 4
166.064 2
166.151 3
166.238 1
166.368 4
166.499 2
166.499 3
166.629 1
166.759 4
166.89 2
166.955 3
167.02 1
167.151 4
167.281 2
167.281 3
167.412 1
167.542 4
167.673 2
167.803 3
167.933 1
168.064 3
168.064 4
168.194 2
168.325 3
168.325 4
168.39 3
168.39 4
168.455 1
168.455 2
168.586 1
168.586 3
168.586 4
168.716 1
168.716 2
168.781 1
168.781 2
168.846 3
168.846 4
168.977 1
168.977 2
168.977 4
169.107 1
169.107 2
169.107 3
169.238 2
169.238 3
169.238 4
169.368 1
169.368 4
169.401 2
169.433 3
169.499 1
169.564 2
169.629 3
169.629 4
169.759 2
169.759 4
169.89 1
169.89 3
170.02 2
170.02 3
170.151 1
170.151 4
170.183 2
170.216 3
170.281 1
170.346 2
170.412 3
170.412 4
170.542 1
170.542 4
170.673 1
170.673 3
170.803 2
170.803 4
170.933 3
170.933 4
171.064 1
171.064 2
171.129 4
171.194 2
171.194 3
171.325 1
171.325 3
171.455 1
171.455 4
171.488 3
171.52 2
171.586 4
171.651 3
171.716 1
171.716 2
171.846 1
171.846 4
171.977 2
171.977 4
172.107 2
172.107 3
172.238 1
172.238 4
172.27 3
172.303 2
172.368 4
172.433 3
172.499 1
172.499 2
172.629 1
172.629 3
172.759 2
172.759 4
172.89 1
172.89 4
173.02 1
173.02 3
173.151 2
173.151 3
173.281 1
173.281 4
173.412 3
173.412 4
173.542 1
173.542 2
173.575 3
173.607 4
173.673 2
173.738 3
173.803 1
173.803 4
173.933 1
173.933 2
174.064 2
174.064 3
174.194 3
174.194 4
174.325 1
174.325 2
174.357 3
174.39 4
174.455 2
174.52 3
174.586 1
174.586 4
174.716 1
174.716 2
174.846 3
174.846 4
174.977 1
174.977 4
175.107 1
175.107 3
175.238 2
175.238 4
175.303 3
175.368 1
175.368 2
175.499 1
175.499 4
175.629 3
175.629 4
175.662 2
175.694 1
175.759 3
175.825 2
175.89 1
175.89 3
175.89 4
176.02 2
176.02 4
176.151 1
176.151 2
176.151 3
176.281 1
176.281 4
176.412 3
176.412 4
176.444 2
176.477 1
176.542 3
176.607 2
176.673 1
176.673 3
176.673 4
176.803 1
176.803 2
176.868 3
176.933 1
176.933 2
176.933 4
177.064 1
177.064 3
177.194 2
177.194 3
177.194 4
177.325 1
177.325 4
177.39 2
177.455 1
177.455 3
177.455 4
177.586 1
177.586 2
177.716 2
177.716 3
177.716 4
177.781 1
177.846 3
177.846 4
177.912 2
177.977 1
177.977 4
178.042 2
178.107 1
178.107 4
178.173 3
178.238 1
178.238 2
178.303 4
178.368 1
178.368 2
178.433 3
178.499 1
178.499 4
178.564 3
178.629 1
178.629 4
178.694 2
178.759 3
178.759 4
178.825 1
178.89 3
178.89 4
178.955 2
179.02 1
179.02 4
179.086 2
179.151 1
179.151 4
179.216 3
179.281 1
179.281 2
179.346 4
179.412 1
179.412 2
179.477 3
179.542 1
179.542 4
179.607 3
179.673 1
179.673 4
179.738 2
179.803 3
179.803 4
179.868 1
179.933 3
179.933 4
179.999 2
180.064 1
180.064 4
180.129 2
180.194 1
180.194 4
180.259 3
180.325 1
180.325 2
180.39 4
180.455 1
180.455 2
180.52 3
180.586 1
180.586 4
180.651 3
180.716 1
180.716 4
180.781 2
180.846 3
180.846 4
180.912 1
180.977 3
180.977 4
181.042 2
181.107 1
181.107 4
181.173 2
181.238 1
181.238 4
181.303 3
181.368 1
181.368 2
181.433 4
181.499 1
181.499 2
181.564 3
181.629 1
181.629 4
181.694 3
181.759 1
181.759 4
181.825 2
181.89 4
181.923 3
181.955 2
181.988 1
182.02 4
182.053 3
182.086 2
182.118 1
182.151 4
182.183 3
182.216 2
182.249 1
182.281 4
182.314 3
182.346 2
182.379 1
182.412 4
182.444 3
182.477 2
182.509 1
182.542 4
182.575 3
182.607 2
182.64 1
182.673 3
182.673 4
182.738 1
182.738 2
182.803 3
182.803 4
182.868 1
182.868 2
182.933 4
182.966 3
182.999 1
183.031 2
183.064 4
183.096 3
183.129 1
183.162 2
183.194 4
183.227 3
183.259 1
183.292 2
183.325 4
183.357 3
183.39 1
183.423 2
183.455 4
183.488 3
183.52 1
183.553 2
183.586 4
183.618 3
183.651 1
183.683 2
183.716 3
183.716 4
183.781 1
183.781 2
183.846 3
183.846 4
183.912 1
183.912 2
183.977 3
184.009 4
184.042 1
184.075 2
184.107 3
184.14 4
184.173 1
184.205 2
184.238 3
184.27 4
184.303 1
184.336 2
184.368 3
184.401 4
184.433 1
184.466 2
184.499 3
184.531 4
184.564 1
184.596 2
184.629 3
184.662 4
184.694 1
184.727 2
184.759 3
184.792 4
184.825 1
184.857 2
184.89 3
184.923 4
184.955 1
184.988 2
185.02 3
185.02 4
185.086 3
185.086 4
185.151 1
185.151 2
185.216 1
185.216 2
185.281 3
185.281 4
185.346 3
185.346 4
185.412 1
185.412 2
185.477 1
185.477 2
185.542 3
185.542 4
185.673 1
185.803 2
185.933 3
186.064 1
186.064 2
186.064 3
186.064 4
186.194 1
186.194 2
186.194 3
186.194 4
186.325 1
186.325 2
186.325 4
186.455 3
186.586 1
186.586 2
186.586 4
186.716 3
186.846 1
186.846 2
186.846 4
186.933 3
187.02 4
187.107 1
187.107 2
187.107 3
187.238 3
187.238 4
187.368 1
187.368 2
187.368 4
187.499 2
187.499 3
187.629 1
187.629 3
187.629 4
187.759 2
187.825 1
187.89 2
187.89 3
187.89 4
188.02 1
188.02 3
188.151 1
188.151 2
188.151 4
188.281 3
188.412 2
188.412 3
188.412 4
188.542 1
188.673 1
188.673 2
188.673 4
188.803 3
188.933 1
188.933 3
188.933 4
189.02 2
189.107 1
189.194 2
189.194 3
189.194 4
189.325 1
189.325 2
189.455 2
189.455 3
189.455 4
189.586 1
189.586 4
189.716 1
189.716 3
189.716 4
189.846 2
189.912 1
189.977 2
189.977 3
189.977 4
190.107 1
190.107 2
190.238 1
190.238 3
190.238 4
190.303 2
190.303 4
190.368 3
190.433 1
190.433 2
190.499 1
190.499 3
190.499 4
190.629 2
190.759 1
190.759 3
190.759 4
190.89 2
191.02 1
191.02 3
191.02 4
191.107 2
191.194 4
191.281 1
191.281 2
191.281 3
191.412 3
191.412 4
191.542 1
191.542 2
191.542 4
191.673 2
191.673 3
191.803 1
191.803 3
191.803 4
191.933 4
191.999 2
192.064 1
192.064 3
192.064 4
192.194 1
192.194 3
192.325 1
192.325 2
192.325 4
192.455 2
192.586 1
192.586 3
192.586 4
192.716 2
192.846 1
192.846 3
192.846 4
192.977 3
193.107 1
193.107 2
193.107 4
193.238 3
193.368 1
193.368 2
193.368 4
193.499 1
193.564 2
193.629 1
193.629 3
193.629 4
193.759 4
193.89 1
193.89 2
193.89 3
194.02 4
194.086 3
194.151 1
194.151 2
194.151 4
194.281 2
194.412 1
194.412 2
194.412 3
194.412 4
194.542 2
194.542 3
194.673 1
194.673 3
194.673 4
194.803 2
194.933 1
194.933 3
194.933 4
195.064 2
195.194 1
195.194 3
195.194 4
195.281 2
195.368 1
195.455 2
195.455 3
195.455 4
195.586 1
195.586 2
195.716 1
195.716 3
195.716 4
195.846 2
195.846 4
195.977 1
195.977 2
195.977 3
196.107 4
196.173 3
196.238 1
196.238 2
196.238 4
196.368 2
196.368 4
196.499 1
196.499 3
196.499 4
196.629 2
196.759 1
196.759 2
196.759 3
196.89 4
197.02 1
197.02 2
197.02 3
197.151 4
197.281 1
197.281 2
197.281 4
197.368 3
197.455 4
197.542 1
197.542 2
197.542 3
197.673 1
197.673 4
197.803 2
197.803 3
197.803 4
197.933 1
197.933 3
198.064 1
198.064 2
198.064 4
198.194 3
198.259 4
198.325 1
198.325 2
198.325 3
198.455 3
198.455 4
198.586 1
198.586 2
198.586 3
198.586 4
198.716 1
198.846 2
198.846 3
198.846 4
198.977 1
198.977 2
198.977 4
199.107 3
199.238 1
199.238 2
199.238 4
199.368 1
199.368 2
199.368 3
199.499 4
199.564 3
199.629 1
199.629 2
199.629 4
199.759 1
199.89 2
199.89 3
199.89 4
200.02 1
200.02 3
200.02 4
200.086 2
200.151 3
200.281 1
200.281 2
200.281 4
200.412 1
200.412 3
200.412 4
200.477 2
200.542 3
200.607 2
200.673 1
200.673 3
200.673 4
200.803 2
200.868 3
200.868 4
200.933 1
200.933 2
201.064 1
201.064 3
201.064 4
201.129 2
201.194 1
201.194 3
201.194 4
201.325 2
201.39 1
201.39 4
201.455 2
201.455 3
201.586 1
201.586 2
201.586 4
201.651 3
201.716 1
201.716 2
201.781 3
201.781 4
201.846 1
201.846 2
201.912 3
201.912 4
201.977 1
201.977 2
202.042 3
202.042 4
202.107 1
202.107 2
202.173 3
202.173 4
202.238 1
202.238 2
202.303 4
202.368 1
202.368 3
202.433 2
202.499 3
202.564 1
202.629 4
202.694 3
202.759 1
202.759 2
202.759 4
202.89 1
202.89 3
203.02 2
203.02 3
203.02 4
203.151 1
203.151 4
203.281 1
203.281 2
203.281 3
203.412 2
203.412 4
203.542 1
203.542 3
203.542 4
203.673 2
203.673 3
203.803 1
203.803 2
203.803 4
203.933 2
203.933 3
204.064 1
204.064 3
204.064 4
204.194 2
204.194 4
204.325 1
204.325 3
204.325 4
204.455 1
204.455 2
204.586 2
204.586 3
204.586 4
204.716 1
204.781 1
204.846 3
204.846 4
204.912 2
204.977 3
205.107 1
205.107 2
205.107 4
205.238 3
205.238 4
205.368 1
205.368 2
205.368 3
205.499 1
205.499 4
205.629 2
205.629 3
205.629 4
205.759 1
205.759 2
205.89 1
205.89 3
205.89 4
206.02 2
206.02 3
206.151 1
206.151 3
206.151 4
206.281 2
206.281 4
206.412 1
206.412 3
206.412 4
206.477 2
206.542 3
206.607 1
206.673 2
206.673 3
206.673 4
206.803 1
206.803 4
206.933 1
206.933 3
207.064 3
207.194 2
207.325 4
207.455 1
207.455 2
207.455 3
207.586 3
207.716 1
207.716 4
207.846 2
207.912 3
207.977 4
208.107 1
208.238 3
208.238 4
208.368 2
208.433 3
208.499 1
208.499 4
208.629 1
208.759 3
208.825 2
208.89 4
208.955 3
209.02 1
209.02 2
209.151 4
209.281 3
209.412 2
209.542 1
209.542 3
209.542 4
209.673 1
209.803 3
209.803 4
209.933 1
209.999 3
210.064 2
210.194 4
210.325 1
210.325 3
210.455 2
210.52 3
210.586 1
210.586 4
210.716 3
210.846 4
210.912 1
210.977 2
211.042 3
211.107 1
211.107 2
211.107 4
211.238 1
211.368 2
211.368 3
211.368 4
211.499 1
211.499 3
211.629 1
211.629 2
211.629 4
211.759 3
211.759 4
211.89 1
211.89 3
211.89 4
212.02 2
212.02 4
212.151 1
212.151 3
212.151 4
212.281 1
212.281 2
212.412 1
212.412 3
212.412 4
212.542 2
212.542 3
212.673 1
212.673 3
212.673 4
212.803 2
212.803 4
212.933 1
212.933 2
212.933 3
213.064 4
213.129 4
213.194 1
213.194 2
213.259 3
213.325 2
213.455 1
213.455 3
213.455 4
213.586 1
213.586 2
213.716 1
213.716 2
213.716 3
213.846 1
213.846 4
213.977 1
213.977 2
213.977 3
214.107 3
214.107 4
214.238 1
214.238 3
214.238 4
214.368 2
214.368 3
214.499 1
214.499 2
214.499 4
214.629 1
214.629 3
214.759 1
214.759 2
214.759 4
214.825 3
214.89 2
214.955 4
215.02 1
215.02 2
215.02 3
215.151 1
215.151 4
215.281 3
215.281 4
215.412 3
215.542 1
215.673 2
215.803 1
215.803 3
215.803 4
215.933 1
216.064 3
216.064 4
216.194 2
216.259 1
216.325 4
216.455 3
216.586 1
216.586 2
216.716 1
216.781 3
216.846 2
216.846 4
216.977 3
217.107 1
217.173 4
217.238 2
217.303 3
217.368 1
217.368 4
218.412 1
218.412 2
218.477 1
218.477 2
218.542 3
218.542 4
218.673 1
218.673 2
218.673 4
218.803 3
218.803 4
218.868 3
218.868 4
218.933 1
218.933 2
219.064 1
219.064 3
219.064 4
219.194 2
219.194 3
219.194 4
219.325 1
219.325 2
219.325 4
219.455 1
219.455 3
219.716 1
219.716 2
219.716 4
219.846 1
219.846 2
219.846 4
220.107 1
220.107 3
220.107 4
220.238 1
220.238 3
220.238 4
220.499 1
220.499 2
220.499 3
220.694 3
220.694 4
220.759 1
220.759 3
220.759 4
220.89 1
220.89 2
220.89 4
221.086 2
221.086 3
221.086 4
221.281 1
221.281 2
221.281 4
221.412 1
221.412 2
221.412 4
221.542 1
221.542 3
221.542 4
221.673 1
221.673 3
221.673 4
221.933 1
221.933 2
221.933 4
222.064 1
222.064 2
222.064 4
222.259 1
222.259 3
222.259 4
222.455 1
222.455 2
222.455 3
222.651 2
222.651 3
222.651 4
222.846 1
222.846 2
222.846 4
222.977 1
222.977 2
222.977 4
223.107 3
223.107 4
223.151 1
223.194 2
223.238 3
223.281 4
223.325 1
223.368 2
223.412 3
223.455 4
223.499 1
223.542 2
223.586 3
223.629 1
223.629 4
223.694 2
223.694 3
223.759 1
223.759 4
223.825 2
223.825 3
223.89 1
223.89 4
224.086 1
224.086 2
224.151 1
224.151 2
224.151 4
224.281 1
224.281 3
224.281 4
224.542 1
224.542 2
224.542 4
224.673 1
224.673 2
224.673 4
224.803 1
224.803 2
224.803 4
225.064 3
225.064 4
225.129 3
225.129 4
225.194 1
225.194 2
225.39 1
225.39 3
225.39 4
225.586 1
225.586 2
225.586 4
225.846 2
225.846 3
225.846 4
225.977 2
225.977 3
225.977 4
226.107 2
226.107 3
226.107 4
226.368 1
226.368 2
226.368 4
226.499 1
226.499 2
226.499 4
226.759 1
226.759 3
226.759 4
226.89 1
226.89 3
226.89 4
227.086 1
227.086 2
227.086 3
227.281 1
227.281 2
227.281 4
227.477 3
227.477 4
227.673 1
227.673 4
227.803 2
227.868 3
227.933 1
227.999 2
228.064 1
228.064 3
228.064 4
228.129 2
228.194 1
228.194 3
228.194 4
228.259 2
228.325 4
228.39 3
228.455 1
228.455 2
228.455 4
228.52 3
228.586 1
228.586 2
228.586 4
228.651 3
228.716 1
228.781 2
228.846 1
228.846 3
228.846 4
228.977 2
229.042 1
229.042 3
229.107 2
229.107 4
229.173 3
229.238 1
229.238 2
229.238 4
229.368 3
229.433 1
229.433 2
229.433 4
229.499 3
229.564 1
229.629 2
229.629 3
229.629 4
229.694 1
229.759 2
229.759 3
229.759 4
229.825 1
229.89 2
229.89 3
229.89 4
229.955 1
230.02 2
230.02 3
230.02 4
230.086 1
230.281 1
230.281 2
230.281 4
230.346 3
230.412 1
230.412 2
230.412 4
230.477 3
230.542 2
230.607 1
230.607 3
230.607 4
230.673 2
230.738 4
230.803 1
230.803 2
230.803 3
230.868 4
230.933 1
230.999 2
230.999 3
230.999 4
231.064 1
231.129 3
231.194 1
231.194 2
231.194 4
231.259 3
231.325 1
231.325 2
231.325 4
231.39 3
231.455 1
231.455 2
231.499 4
231.542 3
231.586 2
231.629 1
231.673 4
231.716 3
231.759 2
231.803 1
231.846 4
231.89 3
231.933 2
231.977 1
231.977 4
232.042 2
232.042 3
232.107 1
232.107 4
232.173 2
232.173 3
232.238 1
232.238 4
232.303 3
232.368 2
232.433 3
232.433 4
232.499 1
232.499 2
232.564 4
232.629 1
232.629 3
232.694 2
232.759 3
232.825 4
232.89 1
232.89 2
232.89 3
232.955 4
233.02 1
233.02 2
233.02 3
233.086 4
233.151 1
233.151 2
233.151 3
233.216 4
233.281 2
233.346 1
233.412 3
233.412 4
233.477 1
233.477 2
233.542 3
233.542 4
233.607 2
233.673 4
233.738 1
233.738 2
233.738 3
233.803 4
233.868 1
233.933 2
233.933 3
233.933 4
233.999 1
234.064 3
234.064 4
234.586 3
234.673 2
234.759 1
234.846 3
234.933 2
235.02 3
235.107 1
235.107 2
235.173 3
235.173 4
235.368 1
235.368 2
235.433 3
235.433 4
235.629 1
235.629 2
235.694 3
235.694 4
235.803 1
235.89 1
235.89 2
235.89 3
235.977 3
236.064 4
236.151 1
236.151 2
236.151 4
236.325 2
236.444 3
236.444 4
236.542 2
236.716 1
236.716 2
236.933 1
236.933 3
236.933 4
236.999 2
237.064 3
237.064 4
237.129 3
237.194 1
237.194 2
237.259 4
237.325 3
237.39 1
237.39 2
237.455 3
237.455 4
237.52 1
237.586 2
237.586 4
237.651 2
237.781 3
237.781 4
237.846 1
237.846 2
237.912 3
237.977 1
237.977 4
238.042 2
238.107 3
238.173 3
238.238 1
238.238 4
238.303 2
238.368 3
238.433 1
238.433 2
238.499 3
238.499 4
238.564 1
238.629 2
238.629 4
238.694 2
238.825 1
238.825 4
238.89 2
238.89 3
238.955 4
239.02 1
239.02 2
239.086 3
239.151 3
239.216 1
239.216 4
239.281 2
239.281 3
239.346 1
239.412 2
239.412 4
239.477 3
239.607 1
239.607 2
239.673 3
239.673 4
239.738 1
239.803 2
239.803 3
239.868 4
239.933 1
239.933 2
239.999 3
240.064 1
240.064 4
240.129 2
240.194 3
240.194 4
240.259 2
240.325 1
240.325 3
240.39 2
240.39 4
240.455 3
240.52 1
240.52 4
240.586 2
240.586 3
240.716 1
240.716 4
240.912 1
240.912 3
240.977 2
240.977 4
241.107 1
241.107 3
241.173 4
241.238 1
241.238 2
241.303 2
241.368 3
241.368 4
241.433 1
241.499 2
241.564 3
241.564 4
241.629 1
241.629 2
241.694 3
241.759 1
241.759 4
241.955 1
241.955 4
242.02 2
242.02 3
242.086 4
242.151 1
242.151 2
242.216 3
242.281 1
242.281 4
242.412 2
242.412 3
242.477 1
242.542 4
242.607 2
242.607 3
242.673 1
242.673 4
242.738 2
242.803 3
242.803 4
242.999 3
242.999 4
243.064 1
243.064 2
243.129 4
243.194 1
243.194 3
243.259 2
243.325 1
243.325 4
243.39 3
243.455 2
243.52 3
243.586 1
243.586 2
243.716 2
243.781 1
243.781 4
243.846 2
243.846 3
243.912 1
243.977 3
243.977 4
244.107 1
244.238 2
244.238 3
244.368 4
244.499 1
244.499 2
244.629 3
244.759 1
244.759 2
244.759 4
244.89 3
244.89 4
245.02 1
245.02 2
245.086 3
245.086 4
245.151 1
245.151 2
245.281 3
245.281 4
245.346 1
245.346 2
245.412 3
245.412 4
245.477 1
245.477 2
245.542 3
245.542 4
245.607 1
245.607 2
245.673 3
245.673 4
245.738 1
245.738 2
245.803 3
245.803 4
245.868 1
245.868 2
245.933 3
245.933 4
245.999 1
245.999 2
246.064 3
246.064 4
246.129 1
246.129 2
246.194 3
246.194 4
246.259 1
246.259 2
246.325 3
246.325 4
246.39 1
246.39 2
246.455 3
246.455 4
246.52 1
246.52 2
246.586 3
246.586 4
246.716 1
246.716 2
246.781 3
246.781 4
246.846 1
246.846 2
246.846 4
246.977 1
246.977 2
246.977 3
247.107 1
247.107 2
247.173 3
247.173 4
247.238 1
247.238 2
247.238 4
247.368 1
247.368 2
247.368 3
247.499 1
247.499 2
247.564 3
247.564 4
247.629 1
247.629 2
247.629 4
247.759 1
247.759 2
247.759 3
247.89 1
247.89 2
247.955 3
247.955 4
248.02 1
248.02 2
248.02 4
248.151 1
248.151 2
248.151 3
248.281 4
248.412 1
248.412 2
248.412 3
248.542 4
248.673 1
248.673 2
248.673 3
248.673 4
248.803 1
248.803 3
248.933 2
248.933 3
249.064 1
249.064 2
249.064 4
249.194 3
249.194 4
249.259 1
249.325 2
249.325 3
249.455 1
249.455 2
249.455 4
249.586 3
249.586 4
249.651 1
249.651 2
249.716 1
249.716 4
249.781 3
249.846 1
249.846 2
249.977 3
250.042 1
250.042 2
250.107 1
250.107 3
250.107 4
250.238 2
250.238 4
250.368 1
250.368 2
250.433 3
250.433 4
250.499 1
250.499 2
250.499 4
250.564 3
250.629 1
250.629 2
250.759 2
250.759 4
250.89 1
250.89 3
251.02 2
251.02 3
251.151 1
251.151 2
251.151 4
251.281 3
251.281 4
251.346 1
251.346 2
251.412 1
251.412 3
251.542 2
251.542 3
251.542 4
251.673 1
251.673 2
251.738 3
251.738 4
251.803 1
251.803 4
251.868 2
251.933 3
251.933 4
252.064 1
252.064 2
252.129 3
252.129 4
252.194 1
252.194 2
252.194 4
252.325 3
252.325 4
252.357 1
252.39 2
252.423 3
252.455 4
252.488 1
252.52 2
252.553 3
252.586 4
252.618 1
252.651 2
252.683 3
252.716 4
252.749 1
252.781 2
252.814 3
252.846 1
252.846 4
252.977 2
252.977 3
252.977 4
253.107 1
253.107 2
253.107 4
253.173 3
253.238 1
253.303 4
253.368 2
253.368 3
253.629 1
253.629 2
253.629 4
253.694 3
253.759 1
253.825 3
253.89 1
253.89 2
253.955 3
254.02 1
254.086 3
254.151 1
254.151 4
254.216 2
254.281 4
254.346 2
254.412 3
254.412 4
254.477 2
254.542 4
254.607 2
254.673 1
254.673 4
254.738 3
254.803 1
254.868 3
254.933 1
254.933 2
254.999 3
255.064 1
255.129 3
255.194 1
255.194 4
255.259 2
255.325 4
255.39 2
255.455 3
255.455 4
255.52 2
255.586 4
255.651 2
255.716 1
255.716 4
255.781 3
255.846 1
255.912 3
255.977 1
255.977 2
256.042 3
256.107 1
256.173 3
256.238 1
256.238 2
256.238 4
256.368 1
256.368 2
256.499 2
256.499 3
256.499 4
256.629 2
256.629 3
256.759 1
256.759 3
256.759 4
256.89 3
256.89 4
257.02 1
257.02 2
257.02 3
257.086 4
257.151 2
257.216 4
257.281 1
257.281 2
257.412 1
257.412 3
257.542 2
257.542 4
257.803 1
257.803 3
257.803 4
257.868 2
257.933 1
257.999 2
258.064 1
258.064 4
258.129 2
258.194 1
258.259 2
258.325 3
258.325 4
258.39 1
258.455 2
258.455 3
258.586 1
258.586 4
258.651 3
258.716 4
258.781 3
258.846 1
258.846 2
258.912 4
258.977 1
258.977 3
259.107 2
259.107 4
259.173 3
259.238 4
259.303 2
259.303 3
259.368 1
259.368 4
259.433 2
259.499 3
259.499 4
259.629 1
259.629 2
259.694 3
259.694 4
259.759 1
259.825 2
259.89 1
259.89 4
260.151 1
260.151 2
260.151 4
260.216 3
260.281 2
260.346 3
260.346 4
260.412 1
260.412 2
260.477 4
260.542 1
260.542 3
260.607 2
260.673 4
260.738 1
260.738 3
260.803 2
260.803 4
260.868 1
260.933 3
261.064 2
261.194 1
261.194 3
261.194 4
261.325 2
261.39 3
261.455 1
261.586 2
261.586 4
261.716 2
261.716 4
261.846 3
261.977 1
261.977 4
262.009 2
262.042 3
262.107 1
262.173 2
262.238 3
262.368 1
262.368 4
262.499 1
262.499 4
262.629 2
262.759 3
262.759 4
262.89 1
263.02 2
263.02 4
263.151 3
263.281 1
263.281 4
263.314 3
263.346 2
263.412 4
263.477 3
263.542 2
263.673 1
263.673 4
263.803 1
263.803 4
263.933 3
264.064 1
264.064 4
264.096 2
264.129 3
264.194 1
264.259 2
264.325 3
264.455 2
264.455 4
264.586 2
264.586 4
264.716 1
264.846 3
264.846 4
264.977 2
265.107 3
265.238 1
265.368 3
265.368 4
265.433 1
265.433 2
265.499 3
265.499 4
265.564 1
265.564 2
265.629 3
265.629 4
265.694 1
265.694 2
265.759 3
265.759 4
265.825 1
265.825 2
265.89 3
265.89 4
265.955 1
265.955 2
266.02 3
266.02 4
266.086 1
266.086 2
266.151 3
266.151 4
266.216 1
266.216 2
266.281 3
266.281 4
266.346 1
266.346 2
266.412 3
266.412 4
266.477 3
266.477 4
266.542 1
266.542 2
266.607 1
266.607 2
266.673 3
266.673 4
266.738 3
266.738 4
266.803 1
266.803 2
266.868 1
266.868 2
266.933 3
266.933 4
266.999 3
266.999 4
267.064 1
267.064 2
267.129 1
267.129 2
267.194 3
267.194 4
267.259 3
267.259 4
267.325 1
267.325 2
267.39 1
267.39 2
267.455 4
267.488 3
267.52 1
267.553 2
267.586 4
267.618 3
267.651 1
267.683 2
267.716 4
267.749 3
267.781 1
267.814 2
267.846 4
267.879 3
267.912 1
267.944 2
267.977 4
268.009 3
268.042 1
268.075 2
268.107 4
268.14 3
268.173 1
268.205 2
268.238 4
268.27 3
268.303 1
268.336 2
268.368 4
268.401 3
268.433 1
268.466 2
268.499 3
268.499 4
268.759 2
268.89 3
269.02 4
269.151 1
269.281 2
269.412 3
269.542 1
269.542 2
269.542 3
269.542 4
269.673 1
269.673 2
269.673 3
269.673 4
269.803 1
269.803 3
269.803 4
269.933 2
270.064 1
270.064 3
270.064 4
270.194 2
270.325 1
270.325 3
270.325 4
270.412 2
270.499 1
270.586 2
270.586 3
270.586 4
270.716 1
270.716 2
270.846 1
270.846 3
270.846 4
270.977 2
270.977 3
271.107 1
271.107 2
271.107 4
271.238 3
271.303 4
271.368 1
271.368 2
271.368 3
271.499 2
271.499 4
271.629 1
271.629 3
271.629 4
271.759 2
271.89 1
271.89 2
271.89 3
272.02 4
272.151 1
272.151 2
272.151 3
272.281 4
272.412 1
272.412 2
272.412 4
272.499 3
272.586 4
272.673 1
272.673 2
272.673 3
272.803 3
272.803 4
272.933 1
272.933 2
272.933 4
273.064 2
273.064 3
273.194 1
273.194 2
273.194 4
273.325 3
273.39 4
273.455 1
273.455 2
273.455 3
273.586 3
273.586 4
273.716 1
273.716 2
273.716 4
273.781 1
273.781 3
273.846 2
273.912 3
273.912 4
273.977 1
273.977 2
273.977 4
274.107 3
274.238 1
274.238 2
274.238 4
274.368 3
274.499 1
274.499 2
274.499 4
274.586 3
274.673 1
274.759 2
274.759 3
274.759 4
274.89 1
274.89 2
275.02 1
275.02 3
275.02 4
275.151 2
275.151 3
275.281 1
275.281 2
275.281 4
275.412 1
275.477 3
275.542 1
275.542 2
275.542 4
275.673 3
275.673 4
275.803 1
275.803 2
275.803 4
275.868 3
275.933 2
275.999 3
276.064 1
276.064 4
276.129 2
276.194 3
276.259 2
276.325 1
276.325 4
276.39 3
276.455 2
276.52 1
276.586 3
276.586 4
276.651 2
276.716 3
276.781 4
276.846 1
276.846 2
276.912 3
276.977 4
277.042 1
277.107 2
277.107 3
277.173 4
277.238 1
277.303 2
277.368 3
277.368 4
277.433 1
277.499 2
277.564 3
277.629 1
277.629 4
277.694 3
277.759 2
277.825 1
277.89 3
277.89 4
278.151 1
278.151 2
278.151 3
278.151 4
278.281 1
278.412 1
278.412 2
278.412 4
278.542 3
278.673 1
278.673 2
278.673 4
278.759 3
278.846 4
278.933 1
278.933 2
278.933 3
279.064 1
279.064 4
279.194 2
279.194 3
279.194 4
279.325 1
279.325 3
279.455 1
279.455 3
279.455 4
279.586 2
279.651 1
279.716 2
279.716 3
279.716 4
279.846 1
279.846 3
279.977 1
279.977 2
279.977 4
280.238 1
280.238 2
280.238 3
280.238 4
280.368 2
280.499 1
280.499 2
280.499 4
280.629 3
280.759 1
280.759 3
280.759 4
280.846 2
280.933 1
281.02 2
281.02 3
281.02 4
281.194 1
281.194 2
281.194 3
281.194 4
281.368 1
281.368 2
281.368 3
281.368 4
281.542 1
281.542 2
281.542 3
281.542 4
281.673 3
281.673 4
281.803 2
281.803 3
281.933 1
281.933 2
282.064 1
282.064 2
282.064 3
282.064 4
282.194 3
282.259 1
282.259 4
282.325 2
282.455 1
282.455 3
282.455 4
282.586 2
282.651 3
282.651 4
282.716 1
282.846 2
282.846 3
282.846 4
282.977 1
282.977 2
283.042 3
283.042 4
283.107 1
283.107 2
283.238 3
283.303 1
283.303 2
283.368 4
283.499 1
283.499 2
283.499 3
283.564 4
283.629 2
283.694 1
283.694 3
283.694 4
283.759 2
283.89 1
283.89 3
283.89 4
283.955 2
284.02 3
284.02 4
284.086 1
284.086 2
284.151 3
284.151 4
284.281 1
284.346 2
284.346 4
284.412 3
284.542 1
284.542 2
284.607 3
284.607 4
284.673 1
284.673 2
284.803 4
284.868 1
284.868 3
284.933 2
285.064 3
285.064 4
285.129 1
285.129 2
285.194 3
285.194 4
285.259 1
285.259 2
285.325 3
285.325 4
285.39 1
285.39 2
285.455 3
285.455 4
285.52 1
285.52 2
285.586 3
285.586 4
285.651 1
285.651 2
285.716 3
285.716 4
285.781 3
285.781 4
285.846 1
285.846 2
285.912 1
285.912 2
285.977 3
285.977 4
286.042 3
286.042 4
286.107 1
286.107 2
286.173 1
286.173 2
286.238 4
286.499 1
286.499 2
286.499 3
286.629 1
286.629 2
286.629 3
286.89 1
286.89 2
286.89 4
287.02 1
287.02 2
287.02 4
287.281 2
287.281 3
287.281 4
287.477 1
287.477 2
287.542 1
287.542 2
287.542 4
287.673 1
287.673 3
287.673 4
287.868 1
287.868 2
287.868 4
288.064 1
288.064 3
288.064 4
288.194 1
288.194 3
288.194 4
288.325 1
288.325 2
288.325 3
288.455 1
288.455 2
288.455 3
288.716 2
288.716 3
288.716 4
288.846 2
288.846 3
288.846 4
289.042 1
289.042 3
289.042 4
289.238 1
289.238 2
289.238 4
289.433 1
289.433 2
289.433 3
289.629 1
289.629 3
289.629 4
289.759 1
289.759 3
289.759 4
289.89 1
289.89 2
289.933 4
289.977 3
290.02 2
290.064 1
290.107 4
290.151 3
290.194 2
290.238 1
290.281 4
290.325 3
290.368 2
290.412 1
290.412 4
290.477 2
290.477 3
290.542 1
290.542 4
290.607 2
290.607 3
290.673 1
290.673 4
290.868 3
290.868 4
290.933 1
290.933 3
290.933 4
291.064 1
291.064 2
291.064 4
291.325 1
291.325 3
291.325 4
291.455 1
291.455 3
291.455 4
291.586 1
291.586 3
291.586 4
291.846 1
291.846 2
291.912 1
291.912 2
291.977 3
291.977 4
292.173 1
292.173 2
292.173 4
292.368 1
292.368 3
292.368 4
292.629 1
292.629 2
292.629 3
292.759 1
292.759 2
292.759 3
292.89 1
292.89 2
292.89 3
293.151 1
293.151 3
293.151 4
293.281 1
293.281 3
293.281 4
293.542 1
293.542 2
293.542 4
293.673 1
293.673 2
293.673 4
293.868 2
293.868 3
293.868 4
294.064 1
294.064 3
294.064 4
294.259 1
294.259 2
294.455 1
294.455 4
294.586 3
294.651 2
294.716 3
294.781 2
294.846 1
294.846 3
294.846 4
294.977 1
294.977 2
294.977 4
295.042 3
295.107 1
295.173 2
295.238 1
295.238 3
295.238 4
295.368 1
295.368 2
295.368 4
295.433 3
295.499 2
295.564 4
295.629 1
295.629 2
295.629 3
295.759 4
295.825 1
295.825 2
295.89 3
295.89 4
295.955 2
296.02 1
296.02 3
296.02 4
296.151 2
296.216 1
296.216 3
296.216 4
296.281 2
296.346 4
296.412 1
296.412 2
296.412 3
296.477 4
296.542 1
296.542 2
296.542 3
296.607 4
296.673 1
296.673 2
296.673 3
296.738 4
296.803 1
296.803 2
296.803 3
296.868 4
296.933 2
297.064 1
297.064 3
297.064 4
297.129 2
297.194 1
297.194 3
297.194 4
297.259 2
297.325 3
297.39 1
297.39 2
297.39 4
297.455 3
297.52 2
297.586 1
297.586 3
297.586 4
297.651 2
297.716 4
297.781 1
297.781 2
297.781 3
297.846 4
297.912 3
297.977 1
297.977 2
297.977 4
298.042 3
298.107 1
298.173 2
298.238 3
298.238 4
298.281 1
298.325 2
298.368 3
298.412 4
298.455 1
298.499 2
298.542 3
298.586 4
298.629 1
298.673 2
298.716 3
298.759 1
298.759 4
298.825 2
298.825 3
298.89 1
298.89 4
298.955 2
298.955 3
299.02 1
299.02 4
299.086 2
299.151 3
299.216 1
299.216 2
299.281 3
299.281 4
299.346 1
299.412 2
299.412 4
299.477 3
299.542 2
299.607 1
299.673 2
299.673 3
299.673 4
299.738 1
299.803 2
299.803 3
299.803 4
299.868 1
299.933 2
299.933 3
299.933 4
299.999 1
300.064 3
300.129 4
300.194 1
300.194 2
300.259 3
300.259 4
300.325 1
300.325 2
300.39 3
300.455 1
300.52 2
300.52 3
300.52 4
300.586 1
300.651 4
300.716 1
300.716 2
300.716 3
300.781 4
300.846 1
300.846 2
301.368 2
301.455 3
301.542 4
301.629 2
301.716 3
301.803 2
301.89 3
301.89 4
301.955 1
301.955 2
302.151 3
302.151 4
302.216 1
302.216 2
302.412 3
302.412 4
302.477 1
302.477 2
302.586 4
302.673 1
302.673 3
302.673 4
302.759 1
302.846 3
302.933 1
302.933 2
302.933 3
303.194 4
303.325 2
303.716 1
303.716 3
303.977 2
304.107 3
304.238 1
304.238 4
304.368 2
304.433 3
304.499 1
304.629 4
304.759 2
304.89 3
305.02 1
305.02 4
305.281 2
305.412 4
305.673 3
305.803 1
305.803 2
306.064 3
306.194 1
306.325 2
306.325 4
306.455 3
306.586 1
306.716 3
306.716 4
306.846 2
306.977 1
306.977 4
307.107 1
307.107 2
307.368 3
307.499 4
307.564 1
307.629 2
307.89 1
307.89 3
308.151 4
308.281 3
308.412 1
308.412 2
308.542 4
308.607 3
308.673 2
308.803 4
308.933 1
309.064 2
309.194 3
309.194 4
309.455 1
309.586 4
309.846 2
309.977 1
309.977 3
310.107 4
310.238 2
310.368 3
310.499 1
310.499 2
310.629 4
310.759 3
310.89 1
310.89 4
311.02 2
311.151 3
311.151 4
311.281 1
311.281 4
311.542 2
311.673 3
311.933 1
312.064 4
312.325 2
312.455 4
312.586 1
312.716 3
312.846 2
312.977 1
313.107 3
313.238 4
313.368 2
313.629 1
313.759 4
314.02 2
314.151 4
314.412 2
314.542 3
314.673 1
314.803 2
314.933 4
315.064 3
315.194 2
315.325 1
315.455 3
315.716 2
315.846 4
316.107 1
316.238 3
316.499 2
316.629 1
316.759 3
316.89 2
317.02 4
317.151 3
317.281 2
317.412 1
317.542 3
317.803 4
317.933 2
318.194 3
318.325 1
318.586 4